84926353965.txt	7404239645	13308005700	55427164200	7401775257	7403007278	35362674200	7402681966	26643041600	7404550382	35557219800	36491473400	13007075500	8227642900	7102722736	35434381700	7402284125	7201982648	26643484700	7404582265	7005510394	36623487900	7402994232	8296963300	7403682232	7402893874	35782226300	7410033967	7405690800	55361008100	7401975625	7404700526	55725407400	55543477900	55549192100	55386071100	36065226100	7402760205	55549749700	8630154900	7404797787	55925520500	7409253002	55843631800	7401735889	35312894100	8308152000	15766582000	55731833100
84926354106.txt	16033521000	7409289799	7102997014	35728681900	7402221613	7201525557	55196417200	7202427221	7202792138	55720647100	22634069200	16314651800	7404626444	12807083700	13403476100	55718109700	22236080700	35241173500	7004488892	14015057300	7402859259	16680257800	55460206100	35073059500	7402406586	8425142600	7409240361	8308152000	55168482100	22136616500	8980758800	15130916600
84926354249.txt	55731986900	7404700526	55386071100	36065226100	35274110900	10045165500	7402881099	8600653000	7201967401	35270915100	13308005700	7404582265	34975069100	7401735889	55543477900	7404330974	55731833100	7404550382	7102722736	35434381700	7402284125	7201982648	26643484700	7005510394	36623487900	13007075500	7402994232	8296963300	7403682232	7402893874	35782226300	7410033967	7405690800	55361008100	7401975625	55725407400	55549192100	7402760205	55549749700	8630154900	7404797787	55925520500
84926354873.txt	7102722736	7201982648	55461431700	26643484700	7404582265	7005510394	34975069100	7409241896	55725407400	7402881099	8630154900	7202756564	35270915100	55731986900	36623487900	13007075500	8296963300	7403682232	7410033967	7405690800	55361008100	7401975625	7404700526	55549192100	55386071100	55549749700	7005525306	7403419474	55487629900	7201530640	14015068300	55491091600	7006378172	7103392365	27167667200	37007631400	7401775698	55430706500	34668744500	7006926431	35332579100	7004614021	7406889428	7403531157	35277440800	55337766200
84928187268.txt	35292951200	7007070819	35183017600	7202193057	8940208900	34769598800	7404239645	35327347600	7401536563	7201488533	7406294984	9637799500	14326511900	8364092000	24476274400	35561165300	7201567103	49861826500	7403007278	10139289600	55650101000	7402266941	8202475900	55633262000	7406888078	7407184196	9332512600	8059220600	7404330992	55939547900	7006551225	7404453087	7202266956	56166538600	8676279200	55460206100	7201947678	7402681966	7501660831	7103224930	7103123664	9245818300	7006274815	7404433772	26643635300	55536996300	14627940500	26643014000	7404202122	55708160500	7410042167	35242785000	13308005700	55427164200	7401735889	7404700526	55543477900	55549192100	55386071100	55731833100	7404550382	35557219800	15766582000	36491473400	7409253002	8296963300	55843631800	35312894100	8308152000
84927579630.txt	35812630600	35728681900	7003473369	35857159000	7201463866	15044587900	7402221613	7201525557	16033521000	8241580900	55196417200	55487629900	7403959104	55720647100	7403457667	16314651800	7403370404	7410033967	35241173500	7402408343	55717258700	14015057300	7402859259	16680257800	55328501000	7202381385	7409240361	22136616500	7410042167	7410331299	9733714200	7202427221	23467833500	7404626444	12807083700	55718109700	55523005100	16644392400	7004488892	8553949000	22982526300	7408099934	55705527300	16234669000	7402406586	8425142600	56346270900	35410712600	34572478800	7406559537	8059220600	7404330992	9245818300	7404433772	36078057800	12798118100	35242785000	22634069200	25921039900	35073059500	55168482100	15130916600
84926355060.txt	24342093800	34572478800	7404183546	7202193057	7003473369	16033521000	9637799500	25623667700	55650101000	55948743200	7406888078	7202199129	8059220600	8395450100	7404453087	8438025900	7408099934	7201947678	7501863743	7501660831	55724717500	7103224930	7103123664	9245818300	54385487800	7201634995	26643635300	7409240361	7404550382	7410042167	8587328300	7007070819	34769598800	7201488533	24476274400	35561165300	7403007278	7402266941	55633262000	7101986335	14627940500	55708160500
84926355064.txt	55709414400	55386071100	7410254381	36071408500	23479679000	55491091600	56004320000	55488888800	7006956479	7406251093	35274110900	7404700526	7201967401	35270915100	13308005700	55427164200	7401735889	55543477900	55549192100	55731833100	7404550382	35557219800	15766582000	36491473400
84927579943.txt	35812630600	35728681900	7003473369	35857159000	7201463866	15044587900	7402221613	7201525557	16033521000	8241580900	55196417200	55487629900	7403959104	55720647100	7403457667	16314651800	7403370404	7410033967	35241173500	7402408343	55717258700	14015057300	7402859259	16680257800	55328501000	7202381385	7409240361	22136616500	7410042167	7410331299	9733714200	7202427221	23467833500	7404626444	12807083700	55718109700	55523005100	16644392400	7004488892	8553949000	22982526300	7408099934	55705527300	16234669000	7402406586	8425142600	56346270900	35410712600	34572478800	7406559537	8059220600	7404330992	9245818300	7404433772	36078057800	12798118100	35242785000	22634069200	25921039900	35073059500	55168482100	15130916600
84928188011.txt	55461431700	7403419474	7404582265	34975069100	7410083288	7102722736	35434381700	7402284125	7201982648	26643484700	7005510394	36623487900	13007075500	7402994232	8296963300	7403682232	7402893874	35782226300	7410033967	7405690800	55361008100	7401975625	7404700526	55725407400	55543477900	55549192100	55386071100	36065226100	7402760205	55549749700	8630154900	7404797787	7404550382	55925520500
84926355181.txt	55461431700	7403419474	7404582265	34975069100	7410083288	13308005700	55731986900	7401735889	7404700526	55543477900	55386071100	7404330974	55731833100	36065226100	7404550382	35270915100	35491067400
84926355298.txt	34572478800	35292951200	8940208900	34769598800	7404239645	55561698300	8964804200	35561165300	7201567103	55450833900	7403007278	7101738204	10139289600	9332512600	36703730800	7404330992	8879297500	7006551225	8438025900	22735811100	55460206100	7201947678	7402681966	56454581100	7006274815	7404433772	7404202122
84927581309.txt	35292951200	23037844800	35857159000	55561698300	55196417200	55720647100	16314651800	7402859259	56454581100	35242785000	35410712600	34572478800	7406559537	35241173500	8059220600	7404330992	8553949000	16234669000	9245818300	7404433772	36078057800	12798118100	35812630600	35728681900	7003473369	7402221613	7201525557	16033521000	7202427221	23467833500	7202792138	7403457667	55450833900	55650101000	55843631800	16644392400	7402408343	7004488892	7601424044	14015057300	55705527300	7103123664	8425142600	7202381385	24434036000	7006274815	7409240361	22136616500	7410042167
84927581510.txt	7102722736	7201982648	55461431700	26643484700	7404582265	7005510394	34975069100	7409241896	55725407400	7402881099	8630154900	7202756564	35270915100	7004857352	7403402737	55731986900	36623487900	13007075500	7402994232	7403682232	7410033967	55361008100	55549192100	8265106100	55549749700	7404797787	7005525306
84926355785.txt	35812630600	35728681900	7003473369	7402221613	7201525557	16033521000	7202427221	23467833500	7202792138	55720647100	7403457667	16314651800	55450833900	55650101000	35241173500	55843631800	8059220600	16644392400	7402408343	7004488892	7404330992	8553949000	7601424044	14015057300	7402859259	55705527300	56454581100	16234669000	7103123664	8425142600	7202381385	24434036000	9245818300	7006274815	7409240361	22136616500	7410042167	35857159000	7201463866	15044587900	8241580900	55196417200	55487629900	7403959104	7403370404	7410033967	55717258700	16680257800	55328501000	23037844800	12798118100	15061547500	8964804200
84928190348.txt	24342093800	34572478800	7007070819	7202193057	34769598800	7201488533	24476274400	35561165300	25623667700	7403007278	55650101000	7402266941	55633262000	55948743200	7406888078	7202199129	8059220600	7101986335	7408099934	7201947678	7501863743	7501660831	55724717500	7103224930	7103123664	9245818300	54385487800	14627940500	55708160500	7410042167	8587328300	7404183546	7003473369	16033521000	9637799500	8395450100	7404453087	8438025900	7201634995	26643635300	7409240361	7404550382
84926355927.txt	7410331299	35728681900	9733714200	7202427221	23467833500	7404626444	12807083700	55718109700	55523005100	16644392400	7004488892	8553949000	22982526300	7408099934	55705527300	16234669000	7402406586	8425142600	56346270900	7102997014	7201463866	56637128100	7601424044	24434036000	7409240361
84926355993.txt	24342093800	34572478800	7404183546	7202193057	7003473369	16033521000	9637799500	25623667700	55650101000	55948743200	7406888078	7202199129	8059220600	8395450100	7404453087	8438025900	7408099934	7201947678	7501863743	7501660831	55724717500	7103224930	7103123664	9245818300	54385487800	7201634995	26643635300	7409240361	7404550382	7410042167	8587328300	7007070819	34769598800	7201488533	24476274400	35561165300	7403007278	7402266941	55633262000	7101986335	14627940500	55708160500
84926356078.txt	7404239645	13308005700	55427164200	7401775257	7403007278	35362674200	7402681966	26643041600	7404550382	35557219800	36491473400	35292951200	35327347600	55561698300	7201488533	9637799500	14326511900	35561165300	49861826500	10139289600	7402266941	8202475900	7407184196	9332512600	7201947678	56454581100	35787361300	55536996300	7404202122	13007075500	8227642900	7406294984	55939547900	7006551225	35242785000
84927581918.txt	35292951200	7007070819	35183017600	7202193057	8940208900	34769598800	7404239645	35327347600	7401536563	7201488533	7406294984	9637799500	14326511900	8364092000	24476274400	35561165300	7201567103	49861826500	7403007278	10139289600	55650101000	7402266941	8202475900	55633262000	7406888078	7407184196	9332512600	8059220600	7404330992	55939547900	7006551225	7404453087	7202266956	56166538600	8676279200	55460206100	7201947678	7402681966	7501660831	7103224930	7103123664	9245818300	7006274815	7404433772	26643635300	55536996300	14627940500	26643014000	7404202122	55708160500	7410042167	35242785000	36123425600	7005612406	35352757200	6603354035	35221096200	24568251600	7201525557	55958084100	37048454000	16244718600	35313829300	24759022700	56217303000	35227279600	6603022127	35227781300	26022356500	7004261852	35225777000	6602366511	35222090400	15063804100	35228093900	7006567214	22135837300	35221363000	55719411800	36703730800	56454581100	35787361300
84927582054.txt	13308005700	55427164200	7401735889	7404700526	55543477900	55549192100	55386071100	55731833100	7404550382	35557219800	15766582000	36491473400	55731986900	7404582265	34975069100	7404330974	36065226100	35270915100
84927582159.txt	7406294984	7402266941	55939547900	7006551225	55536996300	26643041600	35242785000	13007075500	7401775257	8227642900	35362674200	7402681966	35557219800	36491473400	7402893874	7102722736	7201982648	55461431700	26643484700	55731986900	36623487900	8296963300	7403682232	34975069100	7410033967	7405690800	55361008100	7401975625	7404700526	55549192100	55386071100	55549749700	8630154900	7005525306	35812630600	35728681900	7003473369	7402221613	7201525557	16033521000	7202427221	23467833500	7202792138	55720647100	7403457667	16314651800	55450833900	55650101000	35241173500	55843631800	8059220600	16644392400	7402408343	7004488892	7404330992	8553949000	7601424044	14015057300	7402859259	55705527300	56454581100	16234669000	7103123664	8425142600	7202381385	24434036000	9245818300	7006274815	7409240361	22136616500	7410042167
84926356421.txt	7102722736	7201982648	55461431700	26643484700	7404582265	7005510394	34975069100	7409241896	55725407400	7402881099	8630154900	7202756564	35270915100	55731986900	36623487900	13007075500	8296963300	7403682232	7410033967	7405690800	55361008100	7401975625	7404700526	55549192100	55386071100	55549749700	7005525306
84927582565.txt	34769598800	7404239645	35327347600	9637799500	7401775257	7501863743	7401636103	7404433772	35557219800	35292951200	8940208900	55561698300	14326511900	35561165300	7201567103	49861826500	7403007278	8202475900	7407184196	9332512600	36071408500	7404202122	13308005700	55427164200	35362674200	7402681966	26643041600	7404550382	36491473400	24342093800	34572478800	7007070819	7202193057	7201488533	24476274400	25623667700	55650101000	7402266941	55633262000	55948743200	7406888078	7202199129	8059220600	7101986335	7408099934	7201947678	7501660831	55724717500	7103224930	7103123664	9245818300	54385487800	14627940500	55708160500	7410042167	8587328300
84926356665.txt	7410331299	35728681900	9733714200	7202427221	23467833500	7404626444	12807083700	55718109700	55523005100	16644392400	7004488892	8553949000	22982526300	7408099934	55705527300	16234669000	7402406586	8425142600	56346270900	7403457667	7202381385	7409240361	55168482100	7102997014	7402221613	7201525557	16033521000	55196417200	7202792138	55720647100	22634069200	16314651800	13403476100	22236080700	35241173500	14015057300	7402859259	16680257800	55460206100	35073059500	8308152000	22136616500	8980758800	15130916600	7409289799
84927582970.txt	13007075500	7401775257	8227642900	35362674200	7402681966	26643041600	35557219800	36491473400	35292951200	7404239645	13308005700	55427164200	35327347600	55561698300	7201488533	9637799500	14326511900	35561165300	49861826500	7403007278	10139289600	7402266941	8202475900	7407184196	9332512600	7201947678	56454581100	35787361300	55536996300	7404202122	7404550382
84926356786.txt	55731986900	7404700526	55386071100	36065226100	35274110900	10045165500	7402881099	8600653000	7201967401	35270915100	13308005700	7404582265	34975069100	7401735889	55543477900	7404330974	55731833100	7404550382	7102722736	35434381700	7402284125	7201982648	26643484700	7005510394	36623487900	13007075500	7402994232	8296963300	7403682232	7402893874	35782226300	7410033967	7405690800	55361008100	7401975625	55725407400	55549192100	7402760205	55549749700	8630154900	7404797787	55925520500
84927583465.txt	7006378172	7103392365	36623487900	27167667200	37007631400	7401775698	55430706500	55361008100	34668744500	7006926431	35332579100	7004614021	7406889428	7403531157	35277440800	55337766200	56076728800	7202848941
84926357159.txt	35812630600	7404239645	7402221613	7402408343	55460206100	26430408300	7006274815	7404202122	23037844800	35857159000	16033521000	35241173500	12798118100	35728681900	7003473369	7201525557	7202427221	23467833500	7202792138	55720647100	7403457667	16314651800	55450833900	55650101000	55843631800	8059220600	16644392400	7004488892	7404330992	8553949000	7601424044	14015057300	7402859259	55705527300	56454581100	16234669000	7103123664	8425142600	7202381385	24434036000	9245818300	7409240361	22136616500	7410042167
84927583594.txt	7201982648	7403402737	55731986900	36623487900	13007075500	7402994232	7403682232	34975069100	7410033967	55361008100	55549192100	8265106100	55549749700	7404797787	7005525306	35274110900	10045165500	7402881099	8600653000	7201967401	35270915100	7006378172	7103392365	27167667200	37007631400	7401775698	55430706500	34668744500	7006926431	35332579100	7004614021	7406889428	7403531157	35277440800	55337766200	7402079597
84928192209.txt	24342093800	34572478800	7007070819	7202193057	34769598800	7201488533	24476274400	35561165300	25623667700	7403007278	55650101000	7402266941	55633262000	55948743200	7406888078	7202199129	8059220600	7101986335	7408099934	7201947678	7501863743	7501660831	55724717500	7103224930	7103123664	9245818300	54385487800	14627940500	55708160500	7410042167	8587328300	7404183546	7003473369	16033521000	9637799500	8395450100	7404453087	8438025900	7201634995	26643635300	7409240361	7404550382
84927583654.txt	7201982648	7403402737	55731986900	36623487900	13007075500	7402994232	7403682232	34975069100	7410033967	55361008100	55549192100	8265106100	55549749700	7404797787	7005525306	35274110900	10045165500	7402881099	8600653000	7201967401	35270915100	7006378172	7103392365	27167667200	37007631400	7401775698	55430706500	34668744500	7006926431	35332579100	7004614021	7406889428	7403531157	35277440800	55337766200	7402079597
84927583826.txt	7102722736	35434381700	7402284125	7201982648	26643484700	7404582265	7005510394	36623487900	13007075500	7402994232	8296963300	7403682232	7402893874	35782226300	7410033967	7405690800	55361008100	7401975625	7404700526	55725407400	55543477900	55549192100	55386071100	36065226100	7402760205	55549749700	8630154900	7404797787	7404550382	55925520500	55709414400	7410254381	36071408500	23479679000	55491091600
84927583850.txt	34572478800	35292951200	8940208900	34769598800	7404239645	55561698300	8964804200	35561165300	7201567103	55450833900	7403007278	7101738204	10139289600	9332512600	36703730800	7404330992	8879297500	7006551225	8438025900	22735811100	55460206100	7201947678	7402681966	56454581100	7006274815	7404433772	7404202122	35183017600	7007070819	7202193057	35327347600	7401536563	7201488533	7406294984	9637799500	14326511900	8364092000	24476274400	49861826500	55650101000	7402266941	8202475900	55633262000	7406888078	7407184196	8059220600	55939547900	7404453087	7202266956	56166538600	8676279200	7501660831	7103224930	7103123664	9245818300	26643635300	55536996300	14627940500	26643014000	55708160500	7410042167	35242785000
84927584035.txt	7202427221	7403457667	7202381385	7409240361	55168482100	7410331299	7003473369	22634069200	55718109700	25921039900	8553949000	7408099934	35073059500	16234669000	7402406586	8425142600	15130916600	7201463866	24451634700	7202792138
84928193030.txt	55461431700	7403419474	7404582265	34975069100	7410083288	35491067400	35270915100	25029282000	7201858630	7102722736	7201982648	26643484700	55731986900	36623487900	13007075500	8296963300	7403682232	7410033967	7405690800	55361008100	7401975625	7404700526	55549192100	55386071100	55549749700	8630154900	7005525306
84927584078.txt	7410331299	24342093800	34572478800	7404183546	56390996600	7601553967	8370468400	35812630600	7007070819	35728681900	7202193057	7003473369	34769598800	7201463866	9733714200	7402221613	7201525557	8974315300	16033521000	8241580900	55196417200	7201488533	7202427221	56637128100	9637799500	23467833500	24476274400	7403959104	35561165300	7403457667	25623667700	7201567103	16314651800	7403007278	7404626444	12807083700	55650101000	55718109700	7403370404	55633262000	55523005100	55948743200	7406888078	7410033967	9332512600	7202199129	8059220600	7402408343	7004488892	25921039900	8553949000	7404453087	55717258700	14015057300	7402859259	22982526300	7101986335	8438025900	16680257800	7408099934	7201947678	55705527300	7501863743	7501660831	16234669000	55724717500	26430408300	7103224930	7103123664	7402406586	55328501000	8425142600	56346270900	7202381385	9245818300	7409240361	8308152000	55168482100	14627940500	26643014000	7404550382	55708160500	55719411800	7410042167	8587328300
84926357753.txt	7102722736	7201982648	55461431700	26643484700	7404582265	7005510394	34975069100	7409241896	55725407400	7402881099	8630154900	7202756564	35270915100	55731986900	36623487900	13007075500	8296963300	7403682232	7410033967	7405690800	55361008100	7401975625	7404700526	55549192100	55386071100	55549749700	7005525306
84926357761.txt	7102997014	7201463866	56637128100	55718109700	7004488892	7601424044	8425142600	56346270900	24434036000	7409240361	7410331299	35728681900	9733714200	7202427221	23467833500	7404626444	12807083700	55523005100	16644392400	8553949000	22982526300	7408099934	55705527300	16234669000	7402406586
84927584629.txt	7201982648	7403402737	55731986900	36623487900	13007075500	7402994232	7403682232	34975069100	7410033967	55361008100	55549192100	8265106100	55549749700	7404797787	7005525306	35274110900	10045165500	7402881099	8600653000	7201967401	35270915100	7006378172	7103392365	27167667200	37007631400	7401775698	55430706500	34668744500	7006926431	35332579100	7004614021	7406889428	7403531157	35277440800	55337766200	7402079597
84927584634.txt	7410331299	24342093800	34572478800	7404183546	56390996600	7601553967	8370468400	35812630600	7007070819	35728681900	7202193057	7003473369	34769598800	7201463866	9733714200	7402221613	7201525557	8974315300	16033521000	8241580900	55196417200	7201488533	7202427221	56637128100	9637799500	23467833500	24476274400	7403959104	35561165300	7403457667	25623667700	7201567103	16314651800	7403007278	7404626444	12807083700	55650101000	55718109700	7403370404	55633262000	55523005100	55948743200	7406888078	7410033967	9332512600	7202199129	8059220600	7402408343	7004488892	25921039900	8553949000	7404453087	55717258700	14015057300	7402859259	22982526300	7101986335	8438025900	16680257800	7408099934	7201947678	55705527300	7501863743	7501660831	16234669000	55724717500	26430408300	7103224930	7103123664	7402406586	55328501000	8425142600	56346270900	7202381385	9245818300	7409240361	8308152000	55168482100	14627940500	26643014000	7404550382	55708160500	55719411800	7410042167	8587328300	22634069200	35073059500	15130916600
84927584715.txt	13308005700	55731986900	7404582265	34975069100	7401735889	7404700526	55543477900	55386071100	7404330974	55731833100	36065226100	7404550382	35270915100	7102722736	7201982648	55461431700	26643484700	7005510394	7409241896	55725407400	7402881099	8630154900	7202756564	35410712600	34572478800	35857159000	7406559537	16314651800	35241173500	8059220600	7404330992	8553949000	16234669000	9245818300	7404433772	36078057800	12798118100	35242785000
84928194016.txt	35292951200	7007070819	35183017600	7202193057	8940208900	34769598800	7404239645	35327347600	7401536563	7201488533	7406294984	9637799500	14326511900	8364092000	24476274400	35561165300	7201567103	49861826500	7403007278	10139289600	55650101000	7402266941	8202475900	55633262000	7406888078	7407184196	9332512600	8059220600	7404330992	55939547900	7006551225	7404453087	7202266956	56166538600	8676279200	55460206100	7201947678	7402681966	7501660831	7103224930	7103123664	9245818300	7006274815	7404433772	26643635300	55536996300	14627940500	26643014000	7404202122	55708160500	7410042167	35242785000	13308005700	55427164200	7401735889	7404700526	55543477900	55549192100	55386071100	55731833100	7404550382	35557219800	15766582000	36491473400	7409253002	8296963300	55843631800	35312894100	8308152000
84927584968.txt	35292951200	7007070819	35183017600	7202193057	8940208900	34769598800	7404239645	35327347600	7401536563	7201488533	7406294984	9637799500	14326511900	8364092000	24476274400	35561165300	7201567103	49861826500	7403007278	10139289600	55650101000	7402266941	8202475900	55633262000	7406888078	7407184196	9332512600	8059220600	7404330992	55939547900	7006551225	7404453087	7202266956	56166538600	8676279200	55460206100	7201947678	7402681966	7501660831	7103224930	7103123664	9245818300	7006274815	7404433772	26643635300	55536996300	14627940500	26643014000	7404202122	55708160500	7410042167	35242785000
84927584979.txt	7406294984	7402266941	55939547900	7006551225	55536996300	26643041600	35242785000	24342093800	34572478800	7007070819	7202193057	34769598800	7201488533	24476274400	35561165300	25623667700	7403007278	55650101000	55633262000	55948743200	7406888078	7202199129	8059220600	7101986335	7408099934	7201947678	7501863743	7501660831	55724717500	7103224930	7103123664	9245818300	54385487800	14627940500	55708160500	7410042167	8587328300	35327347600	10139289600	8202475900	36703730800	7402681966	56454581100	35787361300	7404202122
84926358460.txt	35812630600	7404239645	7402221613	7402408343	55460206100	26430408300	7006274815	7404202122	23037844800	35857159000	16033521000	35241173500	12798118100	35728681900	7003473369	7201525557	7202427221	23467833500	7202792138	55720647100	7403457667	16314651800	55450833900	55650101000	55843631800	8059220600	16644392400	7004488892	7404330992	8553949000	7601424044	14015057300	7402859259	55705527300	56454581100	16234669000	7103123664	8425142600	7202381385	24434036000	9245818300	7409240361	22136616500	7410042167
84928195147.txt	7410331299	7003473369	22634069200	55718109700	25921039900	8553949000	7408099934	35073059500	16234669000	7402406586	8425142600	7409240361	55168482100	15130916600	24342093800	34572478800	7404183546	56390996600	7601553967	8370468400	35812630600	7007070819	35728681900	7202193057	34769598800	7201463866	9733714200	7402221613	7201525557	8974315300	16033521000	8241580900	55196417200	7201488533	7202427221	56637128100	9637799500	23467833500	24476274400	7403959104	35561165300	7403457667	25623667700	7201567103	16314651800	7403007278	7404626444	12807083700	55650101000	7403370404	55633262000	55523005100	55948743200	7406888078	7410033967	9332512600	7202199129	8059220600	7402408343	7004488892	7404453087	55717258700	14015057300	7402859259	22982526300	7101986335	8438025900	16680257800	7201947678	55705527300	7501863743	7501660831	55724717500	26430408300	7103224930	7103123664	55328501000	56346270900	7202381385	9245818300	8308152000	14627940500	26643014000	7404550382	55708160500	55719411800	7410042167	8587328300
84926358569.txt	16033521000	7409289799	7102997014	35728681900	7402221613	7201525557	55196417200	7202427221	7202792138	55720647100	22634069200	16314651800	7404626444	12807083700	13403476100	55718109700	22236080700	35241173500	7004488892	14015057300	7402859259	16680257800	55460206100	35073059500	7402406586	8425142600	7409240361	8308152000	55168482100	22136616500	8980758800	15130916600
84927585220.txt	7406294984	7402266941	55939547900	7006551225	55536996300	26643041600	35242785000	24342093800	34572478800	7007070819	7202193057	34769598800	7201488533	24476274400	35561165300	25623667700	7403007278	55650101000	55633262000	55948743200	7406888078	7202199129	8059220600	7101986335	7408099934	7201947678	7501863743	7501660831	55724717500	7103224930	7103123664	9245818300	54385487800	14627940500	55708160500	7410042167	8587328300	35327347600	10139289600	8202475900	36703730800	7402681966	56454581100	35787361300	7404202122
84926359011.txt	35812630600	7404239645	7402221613	7402408343	55460206100	26430408300	7006274815	7404202122	23037844800	35857159000	16033521000	35241173500	12798118100	35728681900	7003473369	7201525557	7202427221	23467833500	7202792138	55720647100	7403457667	16314651800	55450833900	55650101000	55843631800	8059220600	16644392400	7004488892	7404330992	8553949000	7601424044	14015057300	7402859259	55705527300	56454581100	16234669000	7103123664	8425142600	7202381385	24434036000	9245818300	7409240361	22136616500	7410042167
84928196176.txt	7102503730	9278380500	7403007592	56573197800	8296963300	7202515712	7406889428	26035666400	7203055203	7202087494	36799183200	7202848941	55793103200	55337766200
84926359025.txt	7403682232	7410033967	7401735889	55549192100	35557219800	7409253002	13308005700	55427164200	8296963300	55843631800	35312894100	8308152000	7404550382	15766582000	36491473400	55731986900	7404582265	34975069100	7404700526	55543477900	55386071100	7404330974	55731833100	36065226100	35270915100	8202475900	8676279200	7103224930
84926359111.txt	7410331299	35728681900	9733714200	7202427221	23467833500	7404626444	12807083700	55718109700	55523005100	16644392400	7004488892	8553949000	22982526300	7408099934	55705527300	16234669000	7402406586	8425142600	56346270900	7403457667	7202381385	7409240361	55168482100	7102997014	7402221613	7201525557	16033521000	55196417200	7202792138	55720647100	22634069200	16314651800	13403476100	22236080700	35241173500	14015057300	7402859259	16680257800	55460206100	35073059500	8308152000	22136616500	8980758800	15130916600	7409289799
84928196427.txt	35812630600	35728681900	7003473369	35857159000	7201463866	15044587900	7402221613	7201525557	16033521000	8241580900	55196417200	55487629900	7403959104	55720647100	7403457667	16314651800	7403370404	7410033967	35241173500	7402408343	55717258700	14015057300	7402859259	16680257800	55328501000	7202381385	7409240361	22136616500	7410042167
84927586171.txt	7006378172	7103392365	36623487900	27167667200	37007631400	7401775698	55430706500	55361008100	34668744500	7006926431	35332579100	7004614021	7406889428	7403531157	35277440800	55337766200	56076728800	7202848941
84926359187.txt	35812630600	7404239645	7402221613	7402408343	55460206100	26430408300	7006274815	7404202122	35410712600	34572478800	35857159000	7406559537	16314651800	35241173500	8059220600	7404330992	8553949000	16234669000	9245818300	7404433772	36078057800	12798118100	35242785000
84926359235.txt	7410331299	24342093800	34572478800	7404183546	56390996600	7601553967	8370468400	35812630600	7007070819	35728681900	7202193057	7003473369	34769598800	7201463866	9733714200	7402221613	7201525557	8974315300	16033521000	8241580900	55196417200	7201488533	7202427221	56637128100	9637799500	23467833500	24476274400	7403959104	35561165300	7403457667	25623667700	7201567103	16314651800	7403007278	7404626444	12807083700	55650101000	55718109700	7403370404	55633262000	55523005100	55948743200	7406888078	7410033967	9332512600	7202199129	8059220600	7402408343	7004488892	25921039900	8553949000	7404453087	55717258700	14015057300	7402859259	22982526300	7101986335	8438025900	16680257800	7408099934	7201947678	55705527300	7501863743	7501660831	16234669000	55724717500	26430408300	7103224930	7103123664	7402406586	55328501000	8425142600	56346270900	7202381385	9245818300	7409240361	8308152000	55168482100	14627940500	26643014000	7404550382	55708160500	55719411800	7410042167	8587328300
84927586388.txt	7406294984	7402266941	55939547900	7006551225	55536996300	26643041600	35242785000	13007075500	7401775257	8227642900	35362674200	7402681966	35557219800	36491473400	7402893874	7102722736	7201982648	55461431700	26643484700	55731986900	36623487900	8296963300	7403682232	34975069100	7410033967	7405690800	55361008100	7401975625	7404700526	55549192100	55386071100	55549749700	8630154900	7005525306	35812630600	35728681900	7003473369	7402221613	7201525557	16033521000	7202427221	23467833500	7202792138	55720647100	7403457667	16314651800	55450833900	55650101000	35241173500	55843631800	8059220600	16644392400	7402408343	7004488892	7404330992	8553949000	7601424044	14015057300	7402859259	55705527300	56454581100	16234669000	7103123664	8425142600	7202381385	24434036000	9245818300	7006274815	7409240361	22136616500	7410042167
84927586451.txt	7402284125	13007075500	8227642900	35277440800	26643342000	7406251093	36623487900	7006926431	35332579100	55718174400	26035666400	7102625940	55925520500
84927586626.txt	13308005700	55731986900	7404582265	34975069100	7401735889	7404700526	55543477900	55386071100	7404330974	55731833100	36065226100	7404550382	35270915100	7102722736	35434381700	7402284125	7201982648	26643484700	7005510394	36623487900	13007075500	7402994232	8296963300	7403682232	7402893874	35782226300	7410033967	7405690800	55361008100	7401975625	55725407400	55549192100	7402760205	55549749700	8630154900	7404797787	55925520500	55461431700	7005525306	7102880697	7404090951	7006956479	7401775257	8227642900	35362674200	7402681966	26643041600	35557219800	36491473400
84927586636.txt	7102722736	35434381700	7402284125	7201982648	26643484700	7404582265	7005510394	36623487900	13007075500	7402994232	8296963300	7403682232	7402893874	35782226300	7410033967	7405690800	55361008100	7401975625	7404700526	55725407400	55543477900	55549192100	55386071100	36065226100	7402760205	55549749700	8630154900	7404797787	7404550382	55925520500	7401735889	35557219800
84928197653.txt	7006378172	7103392365	36623487900	27167667200	37007631400	7401775698	55430706500	55361008100	34668744500	7006926431	35332579100	7004614021	7406889428	7403531157	35277440800	55337766200	7102722736	7201982648	55461431700	26643484700	55731986900	13007075500	8296963300	7403682232	34975069100	7410033967	7405690800	7401975625	7404700526	55549192100	55386071100	55549749700	8630154900	7005525306
84926359430.txt	7404239645	13308005700	55427164200	7401775257	7403007278	35362674200	7402681966	26643041600	7404550382	35557219800	36491473400	13007075500	8227642900	7102722736	35434381700	7402284125	7201982648	26643484700	7404582265	7005510394	36623487900	7402994232	8296963300	7403682232	7402893874	35782226300	7410033967	7405690800	55361008100	7401975625	7404700526	55725407400	55543477900	55549192100	55386071100	36065226100	7402760205	55549749700	8630154900	7404797787	55925520500	7409253002	55843631800	7401735889	35312894100	8308152000	15766582000	55731833100
84926359690.txt	35812630600	35728681900	7003473369	7402221613	7201525557	16033521000	7202427221	23467833500	7202792138	55720647100	7403457667	16314651800	55450833900	55650101000	35241173500	55843631800	8059220600	16644392400	7402408343	7004488892	7404330992	8553949000	7601424044	14015057300	7402859259	55705527300	56454581100	16234669000	7103123664	8425142600	7202381385	24434036000	9245818300	7006274815	7409240361	22136616500	7410042167	35857159000	7201463866	15044587900	8241580900	55196417200	55487629900	7403959104	7403370404	7410033967	55717258700	16680257800	55328501000	23037844800	12798118100	15061547500	8964804200
84927587004.txt	55461431700	7403419474	7404582265	34975069100	7410083288	7201982648	7403402737	55731986900	36623487900	13007075500	7402994232	7403682232	7410033967	55361008100	55549192100	8265106100	55549749700	7404797787	7005525306	7102722736	26643484700	7005510394	7409241896	55725407400	7402881099	8630154900	7202756564	35270915100	7401975625	55718174400
84928198102.txt	55461431700	7403419474	7404582265	34975069100	7410083288	13308005700	55731986900	7401735889	7404700526	55543477900	55386071100	7404330974	55731833100	36065226100	7404550382	35270915100	35491067400
84928198279.txt	24342093800	34572478800	7007070819	7202193057	34769598800	7201488533	24476274400	35561165300	25623667700	7403007278	55650101000	7402266941	55633262000	55948743200	7406888078	7202199129	8059220600	7101986335	7408099934	7201947678	7501863743	7501660831	55724717500	7103224930	7103123664	9245818300	54385487800	14627940500	55708160500	7410042167	8587328300	7404183546	7003473369	16033521000	9637799500	8395450100	7404453087	8438025900	7201634995	26643635300	7409240361	7404550382
84926359999.txt	55461431700	7403419474	7404582265	34975069100	7410083288	13308005700	55731986900	7401735889	7404700526	55543477900	55386071100	7404330974	55731833100	36065226100	7404550382	35270915100	35491067400
84927587425.txt	35410712600	34572478800	7601553967	35292951200	35728681900	35183017600	7202193057	8940208900	34769598800	34874248000	7403346824	24451634700	7402221613	9246520400	55561698300	7401536563	55835451400	8964804200	8364092000	35561165300	55720647100	7201567103	49861826500	16314651800	55450833900	7403007278	7101738204	10139289600	8227642900	7202372853	9332512600	36703730800	7404330992	8879297500	7005498511	7601424044	7202266956	35491067400	7101986335	8872169400	56166538600	22735811100	55460206100	7201947678	56454581100	7501863743	55488888800	23020596800	9248650400	9245818300	7410083288	7006274815	7404433772	56498017400	12798118100	8905839200	55719736500	7404202122	7404797787	13004461900	7410042167	7404239645	7006551225	8438025900	7402681966
84926360266.txt	35292951200	7404239645	13308005700	55427164200	35327347600	55561698300	7201488533	9637799500	14326511900	35561165300	7401775257	49861826500	7403007278	10139289600	7402266941	8202475900	7407184196	9332512600	35362674200	7201947678	7402681966	56454581100	35787361300	55536996300	26643041600	7404202122	35557219800	7404550382	36491473400	13007075500	8227642900
84927587805.txt	7601553967	7403959104	7403457667	7410033967	7202199129	8676279200	7102083468	55488888800	26430408300	55328501000	14720498700	7202381385	23479679000	7401536563	56498017400	7410042167
84927587825.txt	7403682232	7410033967	7401735889	55549192100	35557219800	7409253002	13308005700	55427164200	8296963300	55843631800	35312894100	8308152000	7404550382	15766582000	36491473400	55731986900	7404582265	34975069100	7404700526	55543477900	55386071100	7404330974	55731833100	36065226100	35270915100	8202475900	8676279200	7103224930
84927587908.txt	7601553967	7403959104	7403457667	7410033967	7202199129	8676279200	7102083468	55488888800	26430408300	55328501000	14720498700	7202381385	23479679000	7401536563	56498017400	7410042167
84928199525.txt	7102503730	9278380500	7403007592	56573197800	8296963300	7202515712	7406889428	26035666400	7203055203	7202087494	36799183200	7202848941	55793103200	55337766200
84927588256.txt	7601553967	8676279200	7102083468	23479679000	7403959104	7403457667	7410033967	7202199129	55488888800	26430408300	55328501000	14720498700	7202381385	13007075500	7401775257	8227642900	35362674200	7402681966	26643041600	35557219800	36491473400
84928200291.txt	7409253002	13308005700	55427164200	8296963300	55843631800	7401735889	35312894100	55549192100	8308152000	7404550382	35557219800	15766582000	36491473400	8587328300	8227642900	55718174400	35277440800
84927588518.txt	7202427221	7403457667	7202381385	7409240361	55168482100	7410331299	7003473369	22634069200	55718109700	25921039900	8553949000	7408099934	35073059500	16234669000	7402406586	8425142600	15130916600	7201463866	24451634700	7202792138
84928201990.txt	55461431700	7403419474	7404582265	34975069100	7410083288	7102722736	35434381700	7402284125	7201982648	26643484700	7005510394	36623487900	13007075500	7402994232	8296963300	7403682232	7402893874	35782226300	7410033967	7405690800	55361008100	7401975625	7404700526	55725407400	55543477900	55549192100	55386071100	36065226100	7402760205	55549749700	8630154900	7404797787	7404550382	55925520500
84928201995.txt	7410331299	35728681900	9733714200	7202427221	23467833500	7404626444	12807083700	55718109700	55523005100	16644392400	7004488892	8553949000	22982526300	7408099934	55705527300	16234669000	7402406586	8425142600	56346270900	7102997014	7201463866	56637128100	7601424044	24434036000	7409240361	7402221613	7201525557	16033521000	55196417200	7202792138	55720647100	22634069200	16314651800	13403476100	22236080700	35241173500	14015057300	7402859259	16680257800	55460206100	35073059500	8308152000	55168482100	22136616500	8980758800	15130916600	7409289799
84928202287.txt	35410712600	34572478800	35857159000	7406559537	16314651800	35241173500	8059220600	7404330992	8553949000	16234669000	9245818300	7404433772	36078057800	12798118100	35242785000	23037844800	35812630600	7402221613	16033521000	7402408343
84926360499.txt	7404239645	13308005700	55427164200	7401775257	7403007278	35362674200	7402681966	26643041600	7404550382	35557219800	36491473400	13007075500	8227642900	7102722736	35434381700	7402284125	7201982648	26643484700	7404582265	7005510394	36623487900	7402994232	8296963300	7403682232	7402893874	35782226300	7410033967	7405690800	55361008100	7401975625	7404700526	55725407400	55543477900	55549192100	55386071100	36065226100	7402760205	55549749700	8630154900	7404797787	55925520500	7409253002	55843631800	7401735889	35312894100	8308152000	15766582000	55731833100
84927588967.txt	7410033967	8676279200	23479679000	24342093800	34572478800	7404183546	7202193057	7003473369	16033521000	9637799500	25623667700	55650101000	55948743200	7406888078	7202199129	8059220600	8395450100	7404453087	8438025900	7408099934	7201947678	7501863743	7501660831	55724717500	7103224930	7103123664	9245818300	54385487800	7201634995	26643635300	7409240361	7404550382	7410042167	8587328300
84927588969.txt	7102722736	35434381700	7402284125	7201982648	26643484700	7404582265	7005510394	36623487900	13007075500	7402994232	8296963300	7403682232	7402893874	35782226300	7410033967	7405690800	55361008100	7401975625	7404700526	55725407400	55543477900	55549192100	55386071100	36065226100	7402760205	55549749700	8630154900	7404797787	7404550382	55925520500	7102880697	7404090951	7006956479	7403402737	55731986900	34975069100	8265106100	7005525306
84926360662.txt	13308005700	55731986900	7404582265	34975069100	7401735889	7404700526	55543477900	55386071100	7404330974	55731833100	36065226100	7404550382	35270915100	55427164200	55549192100	35557219800	15766582000	36491473400
84928203135.txt	35292951200	7404239645	13308005700	55427164200	35327347600	55561698300	7201488533	9637799500	14326511900	35561165300	7401775257	49861826500	7403007278	10139289600	7402266941	8202475900	7407184196	9332512600	35362674200	7201947678	7402681966	56454581100	35787361300	55536996300	26643041600	7404202122	35557219800	7404550382	36491473400	36703730800	7103224930
84928203301.txt	7403600675	7410371558	15061547500	55561698300	14326511900	49861826500	26642967800	8227804900	7601553967	7403959104	7403457667	7410033967	7202199129	8676279200	7102083468	55488888800	26430408300	55328501000	14720498700	7202381385	23479679000
84926360930.txt	7410331299	24342093800	34572478800	7404183546	56390996600	7601553967	8370468400	35812630600	7007070819	35728681900	7202193057	7003473369	34769598800	7201463866	9733714200	7402221613	7201525557	8974315300	16033521000	8241580900	55196417200	7201488533	7202427221	56637128100	9637799500	23467833500	24476274400	7403959104	35561165300	7403457667	25623667700	7201567103	16314651800	7403007278	7404626444	12807083700	55650101000	55718109700	7403370404	55633262000	55523005100	55948743200	7406888078	7410033967	9332512600	7202199129	8059220600	7402408343	7004488892	25921039900	8553949000	7404453087	55717258700	14015057300	7402859259	22982526300	7101986335	8438025900	16680257800	7408099934	7201947678	55705527300	7501863743	7501660831	16234669000	55724717500	26430408300	7103224930	7103123664	7402406586	55328501000	8425142600	56346270900	7202381385	9245818300	7409240361	8308152000	55168482100	14627940500	26643014000	7404550382	55708160500	55719411800	7410042167	8587328300
84928203483.txt	7006378172	7103392365	36623487900	27167667200	37007631400	7401775698	55430706500	55361008100	34668744500	7006926431	35332579100	7004614021	7406889428	7403531157	35277440800	55337766200	56076728800	7202848941
84928203641.txt	7006378172	7103392365	36623487900	27167667200	37007631400	7401775698	55430706500	55361008100	34668744500	7006926431	35332579100	7004614021	7406889428	7403531157	35277440800	55337766200	56076728800	7202848941
84927590063.txt	35812630600	35728681900	7003473369	7402221613	7201525557	16033521000	7202427221	23467833500	7202792138	55720647100	7403457667	16314651800	55450833900	55650101000	35241173500	55843631800	8059220600	16644392400	7402408343	7004488892	7404330992	8553949000	7601424044	14015057300	7402859259	55705527300	56454581100	16234669000	7103123664	8425142600	7202381385	24434036000	9245818300	7006274815	7409240361	22136616500	7410042167	47961366800	7102567570	29967448200	36491195300	31967722400	6603354035	36492272300	34769598800	7201463866	7401687789	36993100500	35226954200	35561165300	14422388800	25623667700	35226929900	55336465000	55084418200	55200063600	7202079455	49865197300	55341735500	24724909900	36721914300	35146198600	8614871200	26326808000	8670585300	35278420800	45161564500	36492191700	7401562932	36492264700	35227033700	35314835800	7501660831	34572203900	26326870100	7103224930	35227287300	36495651100	16555670800	35226950800	36491937200	36484524000	16245785600	36554385700	26538070900	7006486192	36494803200	15071189700	8546455200	36491917200	55597089102
84928203684.txt	7403600675	7410371558	15061547500	55561698300	14326511900	49861826500	26642967800	8227804900	7601553967	7403959104	7403457667	7410033967	7202199129	8676279200	7102083468	55488888800	26430408300	55328501000	14720498700	7202381385	23479679000
84928203901.txt	7102722736	7201982648	55461431700	26643484700	55731986900	36623487900	13007075500	8296963300	7403682232	34975069100	7410033967	7405690800	55361008100	7401975625	7404700526	55549192100	55386071100	55549749700	8630154900	7005525306	7403402737	7402994232	8265106100	7404797787
84928203913.txt	35292951200	7007070819	35183017600	7202193057	8940208900	34769598800	7404239645	35327347600	7401536563	7201488533	7406294984	9637799500	14326511900	8364092000	24476274400	35561165300	7201567103	49861826500	7403007278	10139289600	55650101000	7402266941	8202475900	55633262000	7406888078	7407184196	9332512600	8059220600	7404330992	55939547900	7006551225	7404453087	7202266956	56166538600	8676279200	55460206100	7201947678	7402681966	7501660831	7103224930	7103123664	9245818300	7006274815	7404433772	26643635300	55536996300	14627940500	26643014000	7404202122	55708160500	7410042167	35242785000
84928204044.txt	36123425600	7005612406	35352757200	6603354035	35221096200	24568251600	7201525557	55958084100	35327347600	37048454000	16244718600	35313829300	24759022700	56217303000	35227279600	6603022127	35227781300	26022356500	7004261852	35225777000	6602366511	35222090400	15063804100	35228093900	7006567214	22135837300	9245818300	35221363000	55719411800	55549192100
84927590645.txt	7403682232	7410033967	7401735889	55549192100	35557219800	7409253002	13308005700	55427164200	8296963300	55843631800	35312894100	8308152000	7404550382	15766582000	36491473400	55731986900	7404582265	34975069100	7404700526	55543477900	55386071100	7404330974	55731833100	36065226100	35270915100	8202475900	8676279200	7103224930
84928204096.txt	7006378172	7103392365	36623487900	27167667200	37007631400	7401775698	55430706500	55361008100	34668744500	7006926431	35332579100	7004614021	7406889428	7403531157	35277440800	55337766200	56076728800	7202848941
84927590767.txt	7201982648	7403402737	55731986900	36623487900	13007075500	7402994232	7403682232	34975069100	7410033967	55361008100	55549192100	8265106100	55549749700	7404797787	7005525306	35274110900	10045165500	7402881099	8600653000	7201967401	35270915100	7006378172	7103392365	27167667200	37007631400	7401775698	55430706500	34668744500	7006926431	35332579100	7004614021	7406889428	7403531157	35277440800	55337766200	7402079597
84927590986.txt	35292951200	7007070819	35183017600	7202193057	8940208900	34769598800	7404239645	35327347600	7401536563	7201488533	7406294984	9637799500	14326511900	8364092000	24476274400	35561165300	7201567103	49861826500	7403007278	10139289600	55650101000	7402266941	8202475900	55633262000	7406888078	7407184196	9332512600	8059220600	7404330992	55939547900	7006551225	7404453087	7202266956	56166538600	8676279200	55460206100	7201947678	7402681966	7501660831	7103224930	7103123664	9245818300	7006274815	7404433772	26643635300	55536996300	14627940500	26643014000	7404202122	55708160500	7410042167	35242785000
84926361674.txt	7102722736	7201982648	55461431700	26643484700	7404582265	7005510394	34975069100	7409241896	55725407400	7402881099	8630154900	7202756564	35270915100	55731986900	36623487900	13007075500	8296963300	7403682232	7410033967	7405690800	55361008100	7401975625	7404700526	55549192100	55386071100	55549749700	7005525306
84927591091.txt	7406294984	7402266941	55939547900	7006551225	55536996300	26643041600	35242785000	24342093800	34572478800	7007070819	7202193057	34769598800	7201488533	24476274400	35561165300	25623667700	7403007278	55650101000	55633262000	55948743200	7406888078	7202199129	8059220600	7101986335	7408099934	7201947678	7501863743	7501660831	55724717500	7103224930	7103123664	9245818300	54385487800	14627940500	55708160500	7410042167	8587328300	35327347600	10139289600	8202475900	36703730800	7402681966	56454581100	35787361300	7404202122